0.00505
0.0051
0.00515
0.0052
0.00525
0.0053
0.00535
0.0054
0.00545
0.0055
0.00555
0.0056
0.00565
0.0057
0.00575
0.0058
0.00585
0.0059
0.00595
0.006
0.00605
0.0061
0.00615
0.0062
0.00625
0.0063
0.00635
0.0064
0.00645
0.0065
0.00655
0.0066
0.00665
0.0067
0.00675
0.0068
0.00685
0.0069
0.00695
0.007
0.00705
0.0071
0.00715
0.0072
0.00725
0.0073
0.00735
0.0074
0.00745
0.0075
0.00755
0.0076
0.00765
0.0077
0.00775
0.0078
0.00785
0.0079
0.00795
0.008
0.00805
0.0081
0.00815
0.0082
0.00825
0.0083
0.00835
0.0084
0.00845
0.0085
0.00855
0.0086
0.00865
0.0087
0.00875
0.0088
0.00885
0.0089
0.00895
0.009
0.00905
0.0091
0.00915
0.0092
0.00925
0.0093
0.00935
0.0094
0.00945
0.0095
0.00955
0.0096
0.00965
0.0097
0.00975
0.0098
0.00985
0.0099
0.00995
0.01
0.01005
0.0101
0.01015
0.0102
0.01025
0.0103
0.01035
0.0104
0.01045
0.0105
0.01055
0.0106
0.01065
0.0107
0.01075
0.0108
0.01085
0.0109
0.01095
0.011
0.01105
0.0111
0.01115
0.0112
0.01125
0.0113
0.01135
0.0114
0.01145
0.0115
0.01155
0.0116
0.01165
0.0117
0.01175
0.0118
0.01185
0.0119
0.01195
0.012
0.01205
0.0121
0.01215
0.0122
0.01225
0.0123
0.01235
0.0124
0.01245
0.0125
0.01255
0.0126
0.01265
0.0127
0.01275
0.0128
0.01285
0.0129
0.01295
0.013
0.01305
0.0131
0.01315
0.0132
0.01325
0.0133
0.01335
0.0134
0.01345
0.0135
0.01355
0.0136
0.01365
0.0137
0.01375
0.0138
0.01385
0.0139
0.01395
0.014
0.01405
0.0141
0.01415
0.0142
0.01425
0.0143
0.01435
0.0144
0.01445
0.0145
0.01455
0.0146
0.01465
0.0147
0.01475
0.0148
0.01485
0.0149
0.01495
0.015
0.01505
